
local TweenService = game:GetService("TweenService")
local playerGui = game.Players.LocalPlayer:WaitForChild("PlayerGui")

local siriGui = Instance.new("ScreenGui")
siriGui.Parent = playerGui

local blurBackground = Instance.new("Frame")
blurBackground.BackgroundColor3 = Color3.fromRGB(0, 0, 0)
blurBackground.BackgroundTransparency = 0.6 
blurBackground.Size = UDim2.new(1, 0, 1, 0)
blurBackground.Parent = siriGui

local dialogueFrame = Instance.new("Frame")
dialogueFrame.BackgroundColor3 = Color3.fromRGB(22, 22, 22) -- Slightly lighter for depth
dialogueFrame.Size = UDim2.new(0, 600, 0, 340) -- Fixed size for consistency
dialogueFrame.Position = UDim2.new(0.5, -300, 0.5, -170) -- Centered
dialogueFrame.Parent = siriGui

local dialogueCorner = Instance.new("UICorner")
dialogueCorner.CornerRadius = UDim.new(0.1, 0) -- Increased radius for a softer look
dialogueCorner.Parent = dialogueFrame

local siriIcon = Instance.new("ImageLabel")
siriIcon.Image = "rbxassetid://5497572149" -- Update with your asset
siriIcon.Size = UDim2.new(0, 80, 0, 80)
siriIcon.Position = UDim2.new(0.5, -40, 0.1, -40)
siriIcon.BackgroundTransparency = 1
siriIcon.Parent = dialogueFrame

local titleLabel = Instance.new("TextLabel")
titleLabel.Text = "Orange Justice"
titleLabel.Font = Enum.Font.GothamSemibold
titleLabel.TextSize = 28
titleLabel.TextColor3 = Color3.fromRGB(255, 255, 255)
titleLabel.BackgroundTransparency = 1
titleLabel.Size = UDim2.new(1, 0, 0, 50)
titleLabel.Position = UDim2.new(0, 0, 0, 50)
titleLabel.Parent = dialogueFrame

local descriptionText = Instance.new("TextLabel")
descriptionText.Text = "a special thank to a emper for help and her emper reanim"
descriptionText.Font = Enum.Font.Gotham
descriptionText.TextSize = 20
descriptionText.TextColor3 = Color3.fromRGB(255, 255, 255)
descriptionText.BackgroundTransparency = 1
descriptionText.Size = UDim2.new(0.9, 0, 0.4, 0)
descriptionText.Position = UDim2.new(0.05, 0, 0.25, 0)
descriptionText.TextWrapped = true
descriptionText.Parent = dialogueFrame

local enableButton = Instance.new("TextButton")
enableButton.Text = "launch the h0x"
enableButton.Font = Enum.Font.GothamBold
enableButton.TextSize = 22
enableButton.TextColor3 = Color3.fromRGB(255, 255, 255)
enableButton.BackgroundColor3 = Color3.fromRGB(0, 122, 255)
enableButton.Size = UDim2.new(0, 200, 0, 50)
enableButton.Position = UDim2.new(0.5, -220, 1, -60)
enableButton.Parent = dialogueFrame

local enableButtonCorner = Instance.new("UICorner")
enableButtonCorner.CornerRadius = UDim.new(0.05, 0)
enableButtonCorner.Parent = enableButton

local declineButton = Instance.new("TextButton")
declineButton.Text = "no thanks"
declineButton.Font = Enum.Font.Gotham
declineButton.TextSize = 18
declineButton.TextColor3 = Color3.fromRGB(255, 255, 255)
declineButton.BackgroundTransparency = 1 -- Transparent to mimic a text link
declineButton.Size = UDim2.new(0, 200, 0, 50)
declineButton.Position = UDim2.new(0.5, -100, 0, 450) -- Move it down to make space
declineButton.Parent = dialogueFrame

local settingsPanel = Instance.new("Frame")
settingsPanel.Size = UDim2.new(0, 300, 0, 500) -- Adjust size as needed
settingsPanel.Position = UDim2.new(0.5, -150, 0.5, -250) -- Centered on screen
settingsPanel.BackgroundColor3 = Color3.fromRGB(242, 242, 242)
settingsPanel.Parent = ScreenGui -- Ensure screenGui is already defined

local showSettingButton = Instance.new("TextButton")
showSettingButton.Size = UDim2.new(0, 200, 0, 50)
showSettingButton.Position = UDim2.new(0.5, 20, 1, -60) -- Just above the "Decline Siri" button
showSettingButton.Text = "Show Setting"
showSettingButton.Parent = settingsPanel

local additionalSetting = Instance.new("Frame")
additionalSetting.Size = UDim2.new(0, 280, 0, 100) -- Example size, adjust as needed
additionalSetting.Position = UDim2.new(0.5, -140, 0, 280) -- Position to be revealed above "Show Setting"
additionalSetting.BackgroundColor3 = Color3.fromRGB(255, 255, 255)
additionalSetting.Visible = true -- Hidden by default
additionalSetting.Parent = settingsPanel

-- Add content to additionalSetting as needed, e.g., more iOS-style switches

-- Create UIGradient
local gradient = Instance.new("UIGradient")
gradient.Color = ColorSequence.new({
    ColorSequenceKeypoint.new(0, Color3.fromRGB(0, 255, 23)), -- Green at the start
    ColorSequenceKeypoint.new(1, Color3.fromRGB(42, 0, 0)) -- Black towards the end
})
gradient.Rotation = 34
gradient.Parent = dialogueFrame

local declineStroke = Instance.new("UIStroke")
declineStroke.Color = Color3.fromRGB(255, 255, 255)
declineStroke.Transparency = 1 -- Initially invisible
declineStroke.Parent = declineButton

enableButton.MouseEnter:Connect(function()
    enableButton.BackgroundColor3 = Color3.fromRGB(0, 150, 255)
end)
enableButton.MouseLeave:Connect(function()
    enableButton.BackgroundColor3 = Color3.fromRGB(0, 122, 255)
end)

declineButton.MouseEnter:Connect(function()
    declineButton.TextColor3 = Color3.fromRGB(200, 200, 200)
    declineStroke.Transparency = 0 
end)
declineButton.MouseLeave:Connect(function()
    declineButton.TextColor3 = Color3.fromRGB(255, 255, 255)
    declineStroke.Transparency = 1 
end)

-- Create the ScreenGui
-- i stuck this line code like 2 minute
enableButton.MouseButton1Click:Connect(function()
    -- Emperean Reanimation V2.2
-- emperss#0, discord.gg/5PMtk6PJf5



local Emperean = loadstring(game:HttpGet("https://raw.githubusercontent.com/Empereans/EmpereanReanimate/main/Versions/ERV2.2.lua"))()

local CFrame = CFrame
local CFrameAngles = CFrame.Angles
local CFrameidentity = CFrame.identity

local Table = Emperean.Start({
	Accessories = {
		--[[
		https://www.roblox.com/catalog/14532301415/1x1x1x1-s-Torso
		]]
		{ Blacklist = true, Name = "Torso", AlternativeName = "UpperTorso", MeshId = "14413791480", TextureId = "14413794823", AllowAlternativeCFrame = false, CoordinateFrame = CFrameidentity, AlternativeCFrame = CFrameidentity },
		
		--[[
		Resized Hats:
		Wear this head for it to work: https://www.roblox.com/catalog/2493588193/Knights-of-Redcliff-Paladin-Head
		https://www.roblox.com/catalog/12867841874/Tall-Rectangle-Head-Dark-Grey
		https://www.roblox.com/catalog/12867846420/Tall-Rectangle-Head-Grey
		https://www.roblox.com/catalog/12867904652/Light-Grey-Smiley-Rectangle-Head
		https://www.roblox.com/catalog/12867898930/Grey-Smiley-Rectangle-Head
		]]

		{ Blacklist = true, Name = "Right Arm", AlternativeName = "RightLowerArm", MeshId = "12867814848", TextureId = "12794084950", AllowAlternativeCFrame = false, CoordinateFrame = CFrameAngles(0, 0, 0), AlternativeCFrame = CFrameidentity },
		{ Blacklist = true, Name = "Left Arm", AlternativeName = "LeftLowerArm", MeshId = "12867814848", TextureId = "12867874342", AllowAlternativeCFrame = false, CoordinateFrame = CFrameAngles(0, - 1.57, 0), AlternativeCFrame = CFrameidentity },
		{ Blacklist = true, Name = "Right Leg", AlternativeName = "RightLowerLeg", MeshId = "12867814848", TextureId = "12867873138", AllowAlternativeCFrame = false, CoordinateFrame = CFrameAngles(0, 1.57, 0), AlternativeCFrame = CFrameidentity },
		{ Blacklist = true, Name = "Left Leg", AlternativeName = "LeftLowerLeg", MeshId = "12867814848", TextureId = "12794082919", AllowAlternativeCFrame = false, CoordinateFrame = CFrameAngles(0, 0, 0), AlternativeCFrame = CFrameidentity },

		--[[
		Alternative limbs:
		( Don't wear the previous head )
		https://www.roblox.com/catalog/12344591101/Extra-Right-hand-moving-Blocky-white
		https://www.roblox.com/catalog/12344545199/Extra-Left-hand-moving-Blocky-white
		https://www.roblox.com/catalog/11159410305/Rectangle-Head-For-Headless
		https://www.roblox.com/catalog/11263254795/Dummy-Head-For-Headless
		]]

		{ Blacklist = true, Name = "Right Arm", AlternativeName = "RightLowerArm", MeshId = "12344206657", TextureId = "12344206675", AllowAlternativeCFrame = false, CoordinateFrame = CFrameAngles(- 2, 0, 0), AlternativeCFrame = CFrameidentity },
		{ Blacklist = true, Name = "Left Arm", AlternativeName = "LeftLowerArm", MeshId = "12344207333", TextureId = "12344207341", AllowAlternativeCFrame = false, CoordinateFrame = CFrameAngles(- 2, 0, 0), AlternativeCFrame = CFrameidentity },
		{ Blacklist = true, Name = "Right Leg", AlternativeName = "RightLowerLeg", MeshId = "11263221350", TextureId = "11263219250", AllowAlternativeCFrame = false, CoordinateFrame = CFrameAngles(1.57, - 1.57, 0), AlternativeCFrame = CFrameidentity },
		{ Blacklist = true, Name = "Left Leg", AlternativeName = "LeftLowerLeg", MeshId = "11159370334", TextureId = "11159284657", AllowAlternativeCFrame = false, CoordinateFrame = CFrameAngles(1.57, 1.57, 0), AlternativeCFrame = CFrameidentity },

		--[[
		Free Rig:
		https://www.roblox.com/catalog/4819740796/Robox
		https://www.roblox.com/catalog/4391384843/International-Fedora-Russia
		https://www.roblox.com/catalog/4154538250/International-Fedora-Chile
		https://www.roblox.com/catalog/4094878701/International-Fedora-Mexico
		https://www.roblox.com/catalog/4489239608/International-Fedora-United-Kingdom
		]]

		{ Blacklist = true, Name = "Torso", AlternativeName = "UpperTorso", MeshId = "4819720316", TextureId = "4819722776", AllowAlternativeCFrame = false, CoordinateFrame = CFrameidentity, AlternativeCFrame = CFrameidentity },
		{ Blacklist = true, Name = "Right Arm", AlternativeName = "RightLowerArm", MeshId = "4324138105", TextureId = "4391374782", AllowAlternativeCFrame = false, CoordinateFrame = CFrameAngles(1.57, 1.57, 0), AlternativeCFrame = CFrameidentity },
		{ Blacklist = true, Name = "Left Arm", AlternativeName = "LeftLowerArm", MeshId = "4154474745", TextureId = "4154474807", AllowAlternativeCFrame = false, CoordinateFrame = CFrameAngles(1.57, 1.57, 0), AlternativeCFrame = CFrameidentity },
		{ Blacklist = true, Name = "Right Leg", AlternativeName = "RightLowerLeg", MeshId = "4094864753", TextureId = "4094881938", AllowAlternativeCFrame = false, CoordinateFrame = CFrameAngles(1.57, 1.57, 0), AlternativeCFrame = CFrameidentity },
		{ Blacklist = true, Name = "Left Leg", AlternativeName = "LeftLowerLeg", MeshId = "4489232754", TextureId = "4489233876", AllowAlternativeCFrame = false, CoordinateFrame = CFrameAngles(1.57, 1.57, 0), AlternativeCFrame = CFrameidentity },
	},
	Debug = {
		Transparency = 1,
		TeleportRandom = true
	},
	R15 = false,
	Fling = true,
	DisableScripts = false,
	DisableGUIs = false,
})


showSettingButton.MouseButton1Click:Connect(function()
    additionalSetting.Visible = not additionalSetting.Visible
    showSettingButton.Text = additionalSetting.Visible and "Hide Setting" or "Show Setting"
    -- Adjust the "Decline Siri" button position based on the visibility of additionalSetting
    if additionalSetting.Visible then
        declineButton.Position = UDim2.new(0.5, -100, 0, 390) -- Move up when additional setting is shown
    else
        declineButton.Position = UDim2.new(0.5, -100, 0, 450) -- Move down when additional setting is hidden
    end
end)


wait(.1)

-- Created by Nebula_Zorua --
-- Banisher Infinite --
-- A fanmade banisher --
-- Discord: Nebula the Zorua#6969
-- Youtube: https://www.youtube.com/channel/UCo9oU9dCw8jnuVLuy4_SATA

wait(1/60)

--// Initializing \\--
local S = setmetatable({},{__index = function(s,i) return game:service(i) end})
local Plrs = S.Players
local Plr = Plrs.LocalPlayer
local Char = Plr.Character
local Hum = Char:FindFirstChildOfClass'Humanoid'
local RArm = Char["Right Arm"]
local LArm = Char["Left Arm"]
local RLeg = Char["Right Leg"]
local LLeg = Char["Left Leg"]	
local Root = Char:FindFirstChild'HumanoidRootPart'
local Torso = Char.Torso
local Head = Char.Head
local NeutralAnims = true
local Attack = false
local BloodPuddles = {}
local Effects = {}
local Debounces = {Debounces={}}
local Mouse = Plr:GetMouse()
local Hit = {}
local Sine = 0
local Change = 1
local BanishedEvents = {}


--// Effect Thread System \\--


--// Debounce System \\--

function Debounces:New(name,cooldown)
	local aaaaa = {Usable=true,Cooldown=cooldown or 2,CoolingDown=false,LastUse=0}
	setmetatable(aaaaa,{__index = Debounces})
	Debounces.Debounces[name] = aaaaa
	return aaaaa
end

function Debounces:Use(overrideUsable)
	assert(self.Usable ~= nil and self.LastUse ~= nil and self.CoolingDown ~= nil,"Expected ':' not '.' calling member function Use")
	if(self.Usable or overrideUsable)then
		self.Usable = false
		self.CoolingDown = true
		local LastUse = time()
		self.LastUse = LastUse
		delay(self.Cooldown or 2,function()
			if(self.LastUse == LastUse)then
				self.CoolingDown = false
				self.Usable = true
			end
		end)
	end
end

function Debounces:Get(name)
	assert(typeof(name) == 'string',("bad argument #1 to 'get' (string expected, got %s)"):format(typeof(name) == nil and "no value" or typeof(name)))
	for i,v in next, Debounces.Debounces do
		if(i == name)then
			return v;
		end
	end
end

function Debounces:GetProgressPercentage()
	assert(self.Usable ~= nil and self.LastUse ~= nil and self.CoolingDown ~= nil,"Expected ':' not '.' calling member function Use")
	if(self.CoolingDown and not self.Usable)then
		return math.max(
			math.floor(
				(
					(time()-self.LastUse)/self.Cooldown or 2
				)*100
			)
		)
	else
		return 100
	end
end

--// Shortcut Variables \\--
local CF = {N=CFrame.new,A=CFrame.Angles,fEA=CFrame.fromEulerAnglesXYZ}
local C3 = {N=Color3.new,RGB=Color3.fromRGB,HSV=Color3.fromHSV,tHSV=Color3.toHSV}
local V3 = {N=Vector3.new,FNI=Vector3.FromNormalId,A=Vector3.FromAxis}
local M = {C=math.cos,R=math.rad,S=math.sin,P=math.pi,RNG=math.random,MRS=math.randomseed,H=math.huge,RRNG = function(min,max,div) return math.rad(math.random(min,max)/(div or 1)) end}
local R3 = {N=Region3.new}
local De = S.Debris
local WS = workspace
local Lght = S.Lighting
local RepS = S.ReplicatedStorage
local IN = Instance.new
--// Instance Creation Functions \\--

function Sound(parent,id,pitch,volume,looped,effect,autoPlay)
	local Sound = IN("Sound")
	Sound.SoundId = "rbxassetid://".. tostring(id or 0)
	Sound.Pitch = pitch or 1
	Sound.Volume = volume or 1
	Sound.Looped = looped or false
	if(autoPlay)then
		coroutine.wrap(function()
			repeat wait() until Sound.IsLoaded
			Sound.Playing = autoPlay or false
		end)()
	end
	if(not looped and effect)then
		Sound.Stopped:connect(function()
			Sound.Volume = 0
			Sound:destroy()
		end)
	elseif(effect)then
		warn("Sound can't be looped and a sound effect!")
	end
	Sound.Parent =parent or Torso
	return Sound
end
function Part(parent,color,material,size,cframe,anchored,cancollide)
	local part = IN("Part")
	part[typeof(color) == 'BrickColor' and 'BrickColor' or 'Color'] = color or C3.N(0,0,0)
	part.Material = material or Enum.Material.SmoothPlastic
	part.TopSurface,part.BottomSurface=10,10
	part.Size = size or V3.N(1,1,1)
	part.CFrame = cframe or CF.N(0,0,0)
	part.Anchored = anchored or true
	part.CanCollide = cancollide or false
	part.Parent = parent or Char
	return part
end
function Mesh(parent,meshtype,meshid,textid,scale,offset)
	local part = IN("SpecialMesh")
	part.MeshId = meshid or ""
	part.TextureId = textid or ""
	part.Scale = scale or V3.N(1,1,1)
	part.Offset = offset or V3.N(0,0,0)
	part.MeshType = meshtype or Enum.MeshType.Sphere
	part.Parent = parent
	return part
end

NewInstance = function(instance,parent,properties)
	local inst = Instance.new(instance,parent)
	if(properties)then
		for i,v in next, properties do
			pcall(function() inst[i] = v end)
		end
	end
	return inst;
end



--// Extended ROBLOX tables \\--
local Instance = setmetatable({ClearChildrenOfClass = function(where,class,recursive) local children = (recursive and where:GetDescendants() or where:GetChildren()) for _,v in next, children do if(v:IsA(class))then v:destroy();end;end;end},{__index = Instance})
--// Customization \\--

local Frame_Speed = 60 -- The frame speed for swait. 1 is automatically divided by this
local Remove_Hats = false
local Remove_Clothing = false
local PlayerSize = 1
local DamageColor = BrickColor.new'Really red'
local MusicID = 1119237438
local ChatSounds = {["You will know pain."] = 907333294,["Submit now."] = 907330103,["I will show you true power."] = 907329532, ["Your death is assured."] = 907332670, ["My attacks will tear you apart!"] = 907329893, ["Most worrying indeed."] = 1395854043}
local TauntDialogues = {"I'll cut you!", "I'll blast your head off!","Submit now.","Your death is assured.", "I will show you true power.", "You will know pain.","My attacks will tear you apart!"}

--// Weapon and GUI creation, and Character Customization \\--

if(Remove_Hats)then Instance.ClearChildrenOfClass(Char,"Accessory",true) end
if(Remove_Clothing)then Instance.ClearChildrenOfClass(Char,"Clothing",true) Instance.ClearChildrenOfClass(Char,"ShirtGraphic",true) end
local Effects = IN("Folder",Char)
Effects.Name = "Effects"

pcall(function() Char.ReaperShadowHead.Eye1.BrickColor = BrickColor.new'Really red' Char.ReaperShadowHead.Eye1.Material = 'Glass' end)
pcall(function() Char.ReaperShadowHead.Eye2.BrickColor = BrickColor.new'Really red' Char.ReaperShadowHead.Eye2.Material = 'Glass' end)
pcall(function() Char.LeftWing.BrickColor = BrickColor.new'Really red' Char.LeftWing.Transparency = 0.5 end)

New = function(Object, Parent, Name, Data)
	local Object = Instance.new(Object)
	for Index, Value in pairs(Data or {}) do
		Object[Index] = Value
	end
	Object.Parent = Parent
	Object.Name = Name
	return Object
end
	
Ulta_Caliber = New("Model",Char,"Ulta_Caliber",{})
Handle = New("Part",Ulta_Caliber,"Handle",{Material = Enum.Material.Metal,Size = Vector3.new(1.13946342, 0.351685941, 0.328840196),CFrame = CFrame.new(-52.3439636, 4.31768751, -59.3824234, 0.5, -0.866025269, -1.57914513e-07, 0.866025269, 0.5, 3.60109915e-08, 4.7770822e-08, -1.5476347e-07, 1),CanCollide = false,})
WMesh =New("BlockMesh",Handle,"Mesh",{Scale = Vector3.new(1, 1, 0.855579317),})
Part2 = New("Part",Ulta_Caliber,"Part2",{BrickColor = BrickColor.new("Dark stone grey"),Material = Enum.Material.Metal,Size = Vector3.new(1.87730086, 0.396701694, 0.328840196),CFrame = CFrame.new(-50.9256058, 4.80724812, -59.3824234, 0.99999994, -2.24410021e-21, -1.57914513e-07, 0, 0.99999994, 3.60109773e-08, 1.57914499e-07, -3.60109809e-08, 1),CanCollide = false,Color = Color3.new(0.388235, 0.372549, 0.384314),})
WMesh =New("BlockMesh",Part2,"Mesh",{Scale = Vector3.new(1, 1, 1.11225295),})
mot = New("Motor",Part2,"mot",{Part0 = Part2,Part1 = Handle,C0 = CFrame.new(0, 0, 0, 1, -6.12576133e-15, 1.57914513e-07, 1.18124174e-14, 1, -3.60109809e-08, -1.57914513e-07, 3.60109809e-08, 1),C1 = CFrame.new(1.13315201, -0.98355484, 0, 0.50000006, 0.866025329, 4.77708291e-08, -0.866025329, 0.50000006, -1.5476347e-07, -1.57914513e-07, 3.60109951e-08, 1),})
Blade = New("Part",Ulta_Caliber,"Blade",{BrickColor = BrickColor.new("Quill grey"),Material = Enum.Material.Ice,Size = Vector3.new(0.328840256, 0.328840226, 0.572665811),CFrame = CFrame.new(-50.9072571, 4.11668205, -59.3754196, -2.32669322e-07, -0.00661635399, 0.999977946, -1.28771217e-06, 0.999977946, 0.00661635399, -1, -1.28614465e-06, -2.41184125e-07),CanCollide = false,BottomSurface = Enum.SurfaceType.Smooth,TopSurface = Enum.SurfaceType.Smooth,Color = Color3.new(0.87451, 0.87451, 0.870588),})
WMesh =New("SpecialMesh",Blade,"Mesh",{Scale = Vector3.new(0.0978527591, 0.790156424, 1),MeshType = Enum.MeshType.Wedge,})
mot = New("Motor",Blade,"mot",{Part0 = Blade,Part1 = Handle,C0 = CFrame.new(0, 0, 0, -2.32669336e-07, -1.28771228e-06, -1, -0.00661629438, 0.999978125, -1.28614465e-06, 0.999978125, 0.00661629438, -2.41184125e-07),C1 = CFrame.new(0.544277191, -1.34472656, 0.00700378418, 0.50000006, 0.866025329, 4.77708291e-08, -0.866025329, 0.50000006, -1.5476347e-07, -1.57914513e-07, 3.60109951e-08, 1),})
WPart = New("Part",Ulta_Caliber,"Part",{Material = Enum.Material.Metal,Size = Vector3.new(0.328840256, 0.328840226, 0.328840196),CFrame = CFrame.new(-50.1684952, 4.40930319, -59.3824196, 0.70710665, -0.70710665, -1.57914471e-07, 0.70710665, 0.70710665, 3.60109986e-08, 8.61987672e-08, -1.37126023e-07, 1),CanCollide = false,})
WMesh =New("BlockMesh",WPart,"Mesh",{Scale = Vector3.new(0.385011137, 0.748631597, 0.855579317),})
mot = New("Motor",WPart,"mot",{Part0 = WPart,Part1 = Handle,C0 = CFrame.new(0, 0, 0, 0.707106829, 0.707106829, 8.61987814e-08, -0.707106829, 0.707106829, -1.37126037e-07, -1.57914471e-07, 3.60110022e-08, 1),C1 = CFrame.new(1.16707611, -1.83820343, 3.81469727e-06, 0.50000006, 0.866025329, 4.77708291e-08, -0.866025329, 0.50000006, -1.5476347e-07, -1.57914513e-07, 3.60109951e-08, 1),})
WPart = New("Part",Ulta_Caliber,"Part",{Material = Enum.Material.Metal,Size = Vector3.new(0.328840256, 0.328840226, 0.328840196),CFrame = CFrame.new(-52.6288223, 3.82322454, -59.3824234, 5.96046377e-08, -0.999999881, -2.24250414e-08, 0.999999881, 5.96046519e-08, -5.41976775e-09, 5.41976064e-09, -2.2425013e-08, 1),CanCollide = false,})
WMesh =New("BlockMesh",WPart,"Mesh",{Scale = Vector3.new(0.543293059, 0.924025238, 0.855579317),})
mot = New("Motor",WPart,"mot",{Part0 = WPart,Part1 = Handle,C0 = CFrame.new(0, 0, 0, 5.96046519e-08, 1, 5.41976819e-09, -1, 5.96046519e-08, -2.24250307e-08, -2.24250307e-08, -5.41976686e-09, 1),C1 = CFrame.new(-0.570646286, -0.000537872314, 0, 0.50000006, 0.866025329, 4.77708291e-08, -0.866025329, 0.50000006, -1.5476347e-07, -1.57914513e-07, 3.60109951e-08, 1),})
WPart = New("Part",Ulta_Caliber,"Part",{Material = Enum.Material.Metal,FormFactor = Enum.FormFactor.Symmetric,Size = Vector3.new(0.328840256, 0.328840226, 0.328840196),CFrame = CFrame.new(-52.8299942, 3.82262015, -59.3813744, 1.57915409e-07, 5.96046306e-08, 0.999999881, 4.68513015e-08, 0.999999881, -5.96046448e-08, -1, 4.68513228e-08, 1.57915395e-07),CanCollide = false,BottomSurface = Enum.SurfaceType.Smooth,TopSurface = Enum.SurfaceType.Smooth,})
WMesh =New("SpecialMesh",WPart,"Mesh",{Scale = Vector3.new(0.861996353, 0.541153729, 0.299452811),MeshType = Enum.MeshType.Wedge,})
mot = New("Motor",WPart,"mot",{Part0 = WPart,Part1 = Handle,C0 = CFrame.new(0, 0, 0, 1.57915409e-07, 4.68513122e-08, -1, 5.96046519e-08, 1, 4.68513264e-08, 1, -5.9604659e-08, 1.57915409e-07),C1 = CFrame.new(-0.671756744, 0.173381805, 0.00104904175, 0.50000006, 0.866025329, 4.77708291e-08, -0.866025329, 0.50000006, -1.5476347e-07, -1.57914513e-07, 3.60109951e-08, 1),})
WPart = New("Part",Ulta_Caliber,"Part",{BrickColor = BrickColor.new("Dark stone grey"),Material = Enum.Material.Metal,Size = Vector3.new(0.344652593, 0.328840226, 0.328840196),CFrame = CFrame.new(-51.1012497, 4.28257656, -59.3753929, 0.70710665, 0.70710665, -1.20777344e-07, -0.70710665, 0.70710665, 1.25668052e-07, 1.74263192e-07, -3.45828965e-09, 1),CanCollide = false,Color = Color3.new(0.388235, 0.372549, 0.384314),})
WMesh =New("BlockMesh",WPart,"Mesh",{Scale = Vector3.new(1, 0.98605454, 0.727242351),})
mot = New("Motor",WPart,"mot",{Part0 = WPart,Part1 = Handle,C0 = CFrame.new(0, 0, 0, 0.707106829, -0.707106829, 1.74263207e-07, 0.707106829, 0.707106829, -3.45827589e-09, -1.20777329e-07, 1.25668066e-07, 1),C1 = CFrame.new(0.590950012, -1.0937767, 0.00703048706, 0.50000006, 0.866025329, 4.77708291e-08, -0.866025329, 0.50000006, -1.5476347e-07, -1.57914513e-07, 3.60109951e-08, 1),})
WPart = New("Part",Ulta_Caliber,"Part",{Material = Enum.Material.Metal,Size = Vector3.new(0.328840256, 0.328840226, 0.328840196),CFrame = CFrame.new(-51.7306976, 4.31373549, -59.3824272, 0.432455212, -0.901655316, 1.27368111e-07, 0.901655316, 0.432455212, -3.95984443e-07, 3.01960569e-07, 2.86087754e-07, 1),CanCollide = false,})
WMesh =New("BlockMesh",WPart,"Mesh",{Scale = Vector3.new(0.541154027, 0.370038033, 0.855579317),})
mot = New("Motor",WPart,"mot",{Part0 = WPart,Part1 = Handle,C0 = CFrame.new(0, 0, 0, 0.432455301, 0.901655436, 3.01960569e-07, -0.901655436, 0.432455301, 2.86087754e-07, 1.27368125e-07, -3.959845e-07, 1),C1 = CFrame.new(0.303211212, -0.533081055, -3.81469727e-06, 0.50000006, 0.866025329, 4.77708291e-08, -0.866025329, 0.50000006, -1.5476347e-07, -1.57914513e-07, 3.60109951e-08, 1),})
WPart = New("Part",Ulta_Caliber,"Part",{Material = Enum.Material.Metal,Size = Vector3.new(0.328840256, 0.328840226, 0.328840196),CFrame = CFrame.new(-51.7885818, 4.20838785, -59.3824234, 0.587423027, -0.809279799, -2.19202548e-07, 0.809279799, 0.587423027, -1.98992353e-07, 2.89805143e-07, -6.05034742e-08, 1),CanCollide = false,})
WMesh =New("BlockMesh",WPart,"Mesh",{Scale = Vector3.new(0.275924385, 0.370038033, 0.855579317),})
mot = New("Motor",WPart,"mot",{Part0 = WPart,Part1 = Handle,C0 = CFrame.new(0, 0, 0, 0.587423146, 0.809279919, 2.89805172e-07, -0.809279919, 0.587423146, -6.05035027e-08, -2.19202548e-07, -1.98992367e-07, 1),C1 = CFrame.new(0.183034897, -0.535625458, 0, 0.50000006, 0.866025329, 4.77708291e-08, -0.866025329, 0.50000006, -1.5476347e-07, -1.57914513e-07, 3.60109951e-08, 1),})
WPart = New("Part",Ulta_Caliber,"Part",{Material = Enum.Material.Metal,Size = Vector3.new(0.328840256, 0.328840226, 0.328840196),CFrame = CFrame.new(-51.8400269, 4.15359306, -59.3824234, 0.760836244, -0.648943782, -2.6871362e-07, 0.648943782, 0.760836244, -1.52704587e-07, 3.035438e-07, -5.81968678e-08, 1),CanCollide = false,})
WMesh =New("BlockMesh",WPart,"Mesh",{Scale = Vector3.new(0.275924385, 0.370038033, 0.855579317),})
mot = New("Motor",WPart,"mot",{Part0 = WPart,Part1 = Handle,C0 = CFrame.new(0, 0, 0, 0.760836303, 0.648943841, 3.035438e-07, -0.648943841, 0.760836303, -5.8196882e-08, -2.68713649e-07, -1.52704587e-07, 1),C1 = CFrame.new(0.109859467, -0.518470764, 0, 0.50000006, 0.866025329, 4.77708291e-08, -0.866025329, 0.50000006, -1.5476347e-07, -1.57914513e-07, 3.60109951e-08, 1),})
WPart = New("Part",Ulta_Caliber,"Part",{Material = Enum.Material.Metal,Size = Vector3.new(0.328840256, 0.328840226, 0.328840196),CFrame = CFrame.new(-51.9011612, 4.11773586, -59.3824234, 0.91851747, -0.395380199, -1.96948804e-08, 0.395380199, 0.91851747, -6.96443863e-07, 2.93450228e-07, 6.31909018e-07, 1),CanCollide = false,})
WMesh =New("BlockMesh",WPart,"Mesh",{Scale = Vector3.new(0.275924385, 0.370038033, 0.855579317),})
mot = New("Motor",WPart,"mot",{Part0 = WPart,Part1 = Handle,C0 = CFrame.new(0, 0, 0, 0.91851759, 0.395380259, 2.93450228e-07, -0.395380259, 0.91851759, 6.31909018e-07, -1.96948431e-08, -6.96443919e-07, 1),C1 = CFrame.new(0.0482387543, -0.483455658, 0, 0.50000006, 0.866025329, 4.77708291e-08, -0.866025329, 0.50000006, -1.5476347e-07, -1.57914513e-07, 3.60109951e-08, 1),})
WPart = New("Part",Ulta_Caliber,"Part",{Material = Enum.Material.Metal,Size = Vector3.new(0.356609762, 0.328840226, 0.328840196),CFrame = CFrame.new(-52.0863571, 4.12933016, -59.3824234, 0.991345346, 0.131278723, -5.39203029e-08, -0.131278723, 0.991345346, -9.33255933e-07, -6.90630628e-08, 9.32257819e-07, 1),CanCollide = false,})
WMesh =New("BlockMesh",WPart,"Mesh",{Scale = Vector3.new(1, 0.370038033, 0.855579317),})
mot = New("Motor",WPart,"mot",{Part0 = WPart,Part1 = Handle,C0 = CFrame.new(0, 0, 0, 0.991345525, -0.131278753, -6.90630415e-08, 0.131278753, 0.991345525, 9.32257819e-07, -5.392031e-08, -9.33256047e-07, 1),C1 = CFrame.new(-0.034318924, -0.317272186, 0, 0.50000006, 0.866025329, 4.77708291e-08, -0.866025329, 0.50000006, -1.5476347e-07, -1.57914513e-07, 3.60109951e-08, 1),})
WPart = New("Part",Ulta_Caliber,"Part",{Material = Enum.Material.Metal,Size = Vector3.new(0.328840256, 0.328840226, 0.328840196),CFrame = CFrame.new(-52.1749916, 4.05356789, -59.3820763, 0.991345346, 0.131278723, -5.39203029e-08, -0.131278723, 0.991345346, -9.33255933e-07, -6.90630628e-08, 9.32257819e-07, 1),CanCollide = false,})
WMesh =New("BlockMesh",WPart,"Mesh",{Scale = Vector3.new(0.994611204, 0.301591754, 0.699436307),})
mot = New("Motor",WPart,"mot",{Part0 = WPart,Part1 = Handle,C0 = CFrame.new(0, 0, 0, 0.991345525, -0.131278753, -6.90630415e-08, 0.131278753, 0.991345525, 9.32257819e-07, -5.392031e-08, -9.33256047e-07, 1),C1 = CFrame.new(-0.144248962, -0.278392792, 0.000347137451, 0.50000006, 0.866025329, 4.77708291e-08, -0.866025329, 0.50000006, -1.5476347e-07, -1.57914513e-07, 3.60109951e-08, 1),})
WPart = New("Part",Ulta_Caliber,"Part",{Material = Enum.Material.Metal,Size = Vector3.new(0.328840256, 0.328840226, 0.328840196),CFrame = CFrame.new(-52.0123367, 4.06675053, -59.3824272, 0.793815136, -0.608158827, -7.65793686e-08, 0.608158827, 0.793815136, -8.4843424e-07, 5.7677272e-07, 6.26927658e-07, 1),CanCollide = false,})
WMesh =New("BlockMesh",WPart,"Mesh",{Scale = Vector3.new(0.346509725, 0.370038033, 0.684463739),})
mot = New("Motor",WPart,"mot",{Part0 = WPart,Part1 = Handle,C0 = CFrame.new(0, 0, 0, 0.793815255, 0.608158886, 5.7677272e-07, -0.608158886, 0.793815255, 6.26927715e-07, -7.65793615e-08, -8.48434354e-07, 1),C1 = CFrame.new(-0.0515041351, -0.412666321, -3.81469727e-06, 0.50000006, 0.866025329, 4.77708291e-08, -0.866025329, 0.50000006, -1.5476347e-07, -1.57914513e-07, 3.60109951e-08, 1),})
WPart = New("Part",Ulta_Caliber,"Part",{Material = Enum.Material.Metal,Size = Vector3.new(0.827166021, 0.351685941, 0.328840196),CFrame = CFrame.new(-52.1878128, 4.82334518, -59.3845367, 0.999954939, 0.00948500633, -7.15095894e-09, -0.00948500633, 0.999954939, 7.46392743e-08, 7.85854581e-09, -7.45681135e-08, 1),CanCollide = false,})
WMesh =New("BlockMesh",WPart,"Mesh",{Scale = Vector3.new(1, 1, 0.573238373),})
mot = New("Motor",WPart,"mot",{Part0 = WPart,Part1 = Handle,C0 = CFrame.new(0, 0, 0, 0.999955058, -0.00948503613, 7.85857424e-09, 0.00948503613, 0.999955058, -7.45681064e-08, -7.1509394e-09, 7.46392885e-08, 1),C1 = CFrame.new(0.515987396, 0.117599487, -0.00211334229, 0.50000006, 0.866025329, 4.77708291e-08, -0.866025329, 0.50000006, -1.5476347e-07, -1.57914513e-07, 3.60109951e-08, 1),})
WPart = New("Part",Ulta_Caliber,"Part",{Material = Enum.Material.Metal,Size = Vector3.new(0.364346951, 0.350982577, 0.328840196),CFrame = CFrame.new(-52.3578377, 4.71502256, -59.3845367, -0.870376885, -0.492385834, 1.83688564e-06, 0.492385834, -0.870376885, 4.2302986e-07, 1.3904895e-06, 1.2726523e-06, 1),CanCollide = false,})
WMesh =New("BlockMesh",WPart,"Mesh",{Scale = Vector3.new(1, 1, 0.573238373),})
mot = New("Motor",WPart,"mot",{Part0 = WPart,Part1 = Handle,C0 = CFrame.new(0, 0, 0, -0.870377064, 0.492385924, 1.3904895e-06, -0.492385924, -0.870377064, 1.2726523e-06, 1.83688599e-06, 4.2302986e-07, 1),C1 = CFrame.new(0.337165833, 0.210681915, -0.00211334229, 0.50000006, 0.866025329, 4.77708291e-08, -0.866025329, 0.50000006, -1.5476347e-07, -1.57914513e-07, 3.60109951e-08, 1),})
WPart = New("Part",Ulta_Caliber,"Part",{BrickColor = BrickColor.new("Dark stone grey"),Material = Enum.Material.Metal,Size = Vector3.new(0.328840256, 0.328840226, 0.328840196),CFrame = CFrame.new(-51.2399673, 4.18922997, -59.3753929, 0.470120013, 0.882602334, -6.54556175e-07, -0.882602334, 0.470120013, -3.05826063e-07, 3.77971503e-08, 7.21487936e-07, 1),CanCollide = false,Color = Color3.new(0.388235, 0.372549, 0.384314),})
WMesh =New("BlockMesh",WPart,"Mesh",{Scale = Vector3.new(0.789272487, 0.271646053, 0.727242351),})
mot = New("Motor",WPart,"mot",{Part0 = WPart,Part1 = Handle,C0 = CFrame.new(0, 0, 0, 0.470120043, -0.882602453, 3.77971396e-08, 0.882602453, 0.470120043, 7.21487936e-07, -6.54556288e-07, -3.0582612e-07, 1),C1 = CFrame.new(0.440750122, -1.02031708, 0.00703048706, 0.50000006, 0.866025329, 4.77708291e-08, -0.866025329, 0.50000006, -1.5476347e-07, -1.57914513e-07, 3.60109951e-08, 1),})
WPart = New("Part",Ulta_Caliber,"Part",{Material = Enum.Material.Metal,Size = Vector3.new(1.22879124, 0.618263781, 0.328840196),CFrame = CFrame.new(-50.7363968, 4.58814573, -59.3824234, 0.999999881, -2.98023224e-08, -1.57914513e-07, 2.98023224e-08, 0.999999881, 3.60109738e-08, 1.57914499e-07, -3.60109844e-08, 1),CanCollide = false,})
WMesh =New("BlockMesh",WPart,"Mesh",{Scale = Vector3.new(1, 1, 0.855579317),})
mot = New("Motor",WPart,"mot",{Part0 = WPart,Part1 = Handle,C0 = CFrame.new(0, 0, 0, 1, -6.12576133e-15, 1.57914513e-07, 1.18124174e-14, 1, -3.60109809e-08, -1.57914513e-07, 3.60109809e-08, 1),C1 = CFrame.new(1.03800774, -1.25696564, 0, 0.50000006, 0.866025329, 4.77708291e-08, -0.866025329, 0.50000006, -1.5476347e-07, -1.57914513e-07, 3.60109951e-08, 1),})
WPart = New("Part",Ulta_Caliber,"Part",{Material = Enum.Material.Metal,Size = Vector3.new(0.859521151, 0.531045794, 0.328840196),CFrame = CFrame.new(-51.7777481, 4.63175058, -59.3824234, 0.999999881, -2.98023224e-08, -1.57914513e-07, 2.98023224e-08, 0.999999881, 3.60109738e-08, 1.57914499e-07, -3.60109844e-08, 1),CanCollide = false,})
WMesh =New("BlockMesh",WPart,"Mesh",{Scale = Vector3.new(1, 1, 0.855579317),})
mot = New("Motor",WPart,"mot",{Part0 = WPart,Part1 = Handle,C0 = CFrame.new(0, 0, 0, 1, -6.12576133e-15, 1.57914513e-07, 1.18124174e-14, 1, -3.60109809e-08, -1.57914513e-07, 3.60109809e-08, 1),C1 = CFrame.new(0.555093765, -0.333324432, 0, 0.50000006, 0.866025329, 4.77708291e-08, -0.866025329, 0.50000006, -1.5476347e-07, -1.57914513e-07, 3.60109951e-08, 1),})
WPart = New("Part",Ulta_Caliber,"Part",{Material = Enum.Material.Metal,Size = Vector3.new(0.414286286, 0.328840226, 0.328840196),CFrame = CFrame.new(-51.4174423, 4.47936392, -59.3824234, 0.5, 0.866025209, 2.92257027e-08, -0.866025209, 0.5, 1.03682424e-07, 7.51787468e-08, -7.7151455e-08, 1),CanCollide = false,})
WMesh =New("BlockMesh",WPart,"Mesh",{Scale = Vector3.new(1, 0.265229613, 0.855579317),})
mot = New("Motor",WPart,"mot",{Part0 = WPart,Part1 = Handle,C0 = CFrame.new(0, 0, 0, 0.50000006, -0.866025329, 7.51787468e-08, 0.866025329, 0.50000006, -7.7151455e-08, 2.92257365e-08, 1.03682439e-07, 1),C1 = CFrame.new(0.603277206, -0.721553802, 0, 0.50000006, 0.866025329, 4.77708291e-08, -0.866025329, 0.50000006, -1.5476347e-07, -1.57914513e-07, 3.60109951e-08, 1),})
WPart = New("Part",Ulta_Caliber,"Part",{Material = Enum.Material.Metal,Size = Vector3.new(0.527529478, 0.328840226, 0.328840196),CFrame = CFrame.new(-50.0795135, 4.63236904, -59.3824196, -2.98023366e-08, -0.999999881, 3.74803335e-08, 0.999999881, -2.98023153e-08, -4.49242386e-08, 4.49242386e-08, 3.74803761e-08, 1),CanCollide = false,})
WMesh =New("BlockMesh",WPart,"Mesh",{Scale = Vector3.new(1, 0.263090521, 0.855579317),})
mot = New("Motor",WPart,"mot",{Part0 = WPart,Part1 = Handle,C0 = CFrame.new(0, 0, 0, 1.38707111e-16, 1, 4.49242421e-08, -1, -1.54506983e-15, 3.74803619e-08, 3.74803619e-08, -4.49242421e-08, 1),C1 = CFrame.new(1.40474701, -1.80373001, 3.81469727e-06, 0.50000006, 0.866025329, 4.77708291e-08, -0.866025329, 0.50000006, -1.5476347e-07, -1.57914513e-07, 3.60109951e-08, 1),})
WPart = New("Part",Ulta_Caliber,"Part",{BrickColor = BrickColor.new("Dark stone grey"),Material = Enum.Material.Metal,Size = Vector3.new(1.17252171, 0.576061606, 0.328840196),CFrame = CFrame.new(-50.7363968, 4.55438519, -59.3753891, 0.999999881, -2.98023224e-08, -1.57914513e-07, 2.98023224e-08, 0.999999881, 3.60109738e-08, 1.57914499e-07, -3.60109844e-08, 1),CanCollide = false,Color = Color3.new(0.388235, 0.372549, 0.384314),})
WMesh =New("BlockMesh",WPart,"Mesh",{Scale = Vector3.new(1, 1, 0.727242351),})
mot = New("Motor",WPart,"mot",{Part0 = WPart,Part1 = Handle,C0 = CFrame.new(0, 0, 0, 1, -6.12576133e-15, 1.57914513e-07, 1.18124174e-14, 1, -3.60109809e-08, -1.57914513e-07, 3.60109809e-08, 1),C1 = CFrame.new(1.00876999, -1.27384567, 0.00703430176, 0.50000006, 0.866025329, 4.77708291e-08, -0.866025329, 0.50000006, -1.5476347e-07, -1.57914513e-07, 3.60109951e-08, 1),})
Blade = New("Part",Ulta_Caliber,"Blade",{BrickColor = BrickColor.new("Quill grey"),Material = Enum.Material.Ice,Size = Vector3.new(0.328840256, 0.328840226, 0.605763316),CFrame = CFrame.new(-49.3369522, 4.12218142, -59.3754158, 1.84564726e-07, 0.00661724806, -0.999978065, 5.00432975e-07, -0.999978065, -0.00661724806, -1, -4.99200723e-07, -1.87872132e-07),CanCollide = false,BottomSurface = Enum.SurfaceType.Smooth,TopSurface = Enum.SurfaceType.Smooth,Color = Color3.new(0.87451, 0.87451, 0.870588),})
WMesh =New("SpecialMesh",Blade,"Mesh",{Scale = Vector3.new(0.0978527591, 0.779461861, 1),MeshType = Enum.MeshType.Wedge,})
mot = New("Motor",Blade,"mot",{Part0 = Blade,Part1 = Handle,C0 = CFrame.new(0, 0, 0, 1.84564712e-07, 5.00432975e-07, -1, 0.00661721826, -0.999978185, -4.9920078e-07, -0.999978185, -0.00661721826, -1.8787216e-07),C1 = CFrame.new(1.33419228, -2.70190048, 0.00700759888, 0.50000006, 0.866025329, 4.77708291e-08, -0.866025329, 0.50000006, -1.5476347e-07, -1.57914513e-07, 3.60109951e-08, 1),})
Blade = New("Part",Ulta_Caliber,"Blade",{BrickColor = BrickColor.new("Quill grey"),Material = Enum.Material.Ice,Size = Vector3.new(0.328840256, 0.328840226, 0.835727096),CFrame = CFrame.new(-50.0582809, 4.11805487, -59.3754158, -2.32669322e-07, -0.00661635399, 0.999977946, -1.28771217e-06, 0.999977946, 0.00661635399, -1, -1.28614465e-06, -2.41184125e-07),CanCollide = false,BottomSurface = Enum.SurfaceType.Smooth,TopSurface = Enum.SurfaceType.Smooth,Color = Color3.new(0.87451, 0.87451, 0.870588),})
WMesh =New("SpecialMesh",Blade,"Mesh",{Scale = Vector3.new(0.0978527591, 0.790156424, 1),MeshType = Enum.MeshType.Wedge,})
mot = New("Motor",Blade,"mot",{Part0 = Blade,Part1 = Handle,C0 = CFrame.new(0, 0, 0, -2.32669336e-07, -1.28771228e-06, -1, -0.00661629438, 0.999978125, -1.28614465e-06, 0.999978125, 0.00661629438, -2.41184125e-07),C1 = CFrame.new(0.969955444, -2.07927704, 0.00700759888, 0.50000006, 0.866025329, 4.77708291e-08, -0.866025329, 0.50000006, -1.5476347e-07, -1.57914513e-07, 3.60109951e-08, 1),})
Blade = New("Part",Ulta_Caliber,"Blade",{BrickColor = BrickColor.new("Quill grey"),Material = Enum.Material.Ice,Size = Vector3.new(0.328840256, 0.328840226, 0.328840196),CFrame = CFrame.new(-49.5309296, 4.30089998, -59.3754158, -5.15544457e-07, -0.00661677122, -0.999978065, 1.41483298e-07, 0.999978065, -0.00661677122, 1, -1.44891516e-07, -5.14597104e-07),CanCollide = false,BottomSurface = Enum.SurfaceType.Smooth,TopSurface = Enum.SurfaceType.Smooth,Color = Color3.new(0.87451, 0.87451, 0.870588),})
WMesh =New("SpecialMesh",Blade,"Mesh",{Scale = Vector3.new(0.0978527591, 0.31531024, 0.65928185),MeshType = Enum.MeshType.Wedge,})
mot = New("Motor",Blade,"mot",{Part0 = Blade,Part1 = Handle,C0 = CFrame.new(0, 0, 0, -5.15544514e-07, 1.41483355e-07, 1, -0.00661674142, 0.999978185, -1.44891501e-07, -0.999978185, -0.00661674142, -5.14597104e-07),C1 = CFrame.new(1.39197922, -2.44455338, 0.00700759888, 0.50000006, 0.866025329, 4.77708291e-08, -0.866025329, 0.50000006, -1.5476347e-07, -1.57914513e-07, 3.60109951e-08, 1),})
Blade2 = New("Part",Ulta_Caliber,"Blade2",{BrickColor = BrickColor.new("Black"),Material = Enum.Material.SmoothPlastic,FormFactor = Enum.FormFactor.Plate,Size = Vector3.new(0.328840256, 0.328840226, 1.44360781),CFrame = CFrame.new(-50.3589401, 4.14609241, -59.3749352, -1.8456474e-07, -0.00555405021, 0.999984503, 9.5615583e-08, -0.999984503, -0.00555405021, 1, 9.45890548e-08, 1.85092958e-07),CanCollide = false,BottomSurface = Enum.SurfaceType.Smooth,TopSurface = Enum.SurfaceType.Smooth,Color = Color3.new(0.105882, 0.164706, 0.207843),})
WMesh =New("BlockMesh",Blade2,"Mesh",{Scale = Vector3.new(0.0458685458, 0.541722536, 1),})
mot = New("Motor",Blade2,"mot",{Part0 = Blade2,Part1 = Handle,C0 = CFrame.new(0, 0, 0, -1.8456474e-07, 9.56156043e-08, 1, -0.00555405021, -0.999984622, 9.45890548e-08, 0.999984622, -0.00555405021, 1.85092958e-07),C1 = CFrame.new(0.843906403, -1.80487823, 0.00748825073, 0.50000006, 0.866025329, 4.77708291e-08, -0.866025329, 0.50000006, -1.5476347e-07, -1.57914513e-07, 3.60109951e-08, 1),})
